[Running] python -u "d:\Workplace\sklearnML\3.æ€¿‡\3.2DBscan\OnlinetimeDBscan.py"
Labels:
[ 0 -1  0  1 -1  1  0  1  2 -1  1  0  1  1  3 -1 -1  3 -1  1  1 -1  1  3  4
 -1  1  1  2  0  2  2 -1  0  1  0  0  0  1  3 -1  0  1  1  0  0  2 -1  1  3
  1 -1  3 -1  3  0  1  1  2  3  3 -1 -1 -1  0  1  2  1 -1  3  1  1  2  3  0
  1 -1  2  0  0  3  2  0  1 -1  1  3 -1  4  2 -1 -1  0 -1  3 -1  0  2  1 -1
 -1  2  1  1  2  0  2  1  1  3  3  0  1  2  0  1  0 -1  1  1  3 -1  2  1  3
  1  1  1  2 -1  5 -1  1  3 -1  0  1  0  0  1 -1 -1 -1  2  2  0  1  1  3  0
  0  0  1  4  4 -1 -1 -1 -1  4 -1  4  4 -1  4 -1  1  2  2  3  0  1  0 -1  1
  0  0  1 -1 -1  0  2  1  0  2 -1  1  1 -1 -1  0  1  1 -1  3  1  1 -1  1  1
  0  0 -1  0 -1  0  0  2 -1  1 -1  1  0 -1  2  1  3  1  1 -1  1  0  0 -1  0
  0  3  2  0  0  5 -1  3  2 -1  5  4  4  4 -1  5  5 -1  4  0  4  4  4  5  4
  4  5  5  0  5  4 -1  4  5  5  5  1  5  5  0  5  4  4 -1  4  4  5  4  0  5
  4 -1  0  5  5  5 -1  4  5  5  5  5  4  4]
Noise raito: 22.15%
Estimated number of clusters: 6
Silhouette Coefficient: 0.710
Cluster  0 :
[22, 22, 22, 22, 22, 22, 22, 22, 22, 22, 22, 22, 22, 22, 22, 22, 22, 22, 22, 22, 22, 22, 22, 22, 22, 22, 22, 22, 22, 22, 22, 22, 22, 22, 22, 22, 22, 22, 22, 22, 22, 22, 22, 22, 22, 22, 22, 22, 22, 22, 22, 22, 22, 22, 22]
Cluster  1 :
[23, 23, 23, 23, 23, 23, 23, 23, 23, 23, 23, 23, 23, 23, 23, 23, 23, 23, 23, 23, 23, 23, 23, 23, 23, 23, 23, 23, 23, 23, 23, 23, 23, 23, 23, 23, 23, 23, 23, 23, 23, 23, 23, 23, 23, 23, 23, 23, 23, 23, 23, 23, 23, 23, 23, 23, 23, 23, 23, 23, 23, 23, 23, 23, 23]
Cluster  2 :
[20, 20, 20, 20, 20, 20, 20, 20, 20, 20, 20, 20, 20, 20, 20, 20, 20, 20, 20, 20, 20, 20, 20, 20, 20, 20, 20, 20]
Cluster  3 :
[21, 21, 21, 21, 21, 21, 21, 21, 21, 21, 21, 21, 21, 21, 21, 21, 21, 21, 21, 21, 21, 21, 21, 21, 21]
Cluster  4 :
[8, 8, 8, 8, 8, 8, 8, 8, 8, 8, 8, 8, 8, 8, 8, 8, 8, 8, 8, 8, 8, 8, 8, 8, 8, 8, 8, 8]
Cluster  5 :
[7, 7, 7, 7, 7, 7, 7, 7, 7, 7, 7, 7, 7, 7, 7, 7, 7, 7, 7, 7, 7, 7, 7, 7]

[Done] exited with code=0 in 3.776 seconds